# Energy tracking
# Output period: 100 steps
# Max timesteps: 29444
# timestep time(ps) kinetic_energy cavity_energy lj_energy temperature total_energy
100 0.003328 0.376443 0.001330 -0.717280 158.169257 -0.339507
200 0.008058 0.272047 0.000002 -0.718807 114.305306 -0.446758
300 0.012480 0.288005 0.001378 -0.715813 121.010488 -0.426431
400 0.017557 0.370171 0.000215 -0.712268 155.534094 -0.341882
500 0.024913 0.366514 0.000006 -0.709288 153.997646 -0.342768
600 0.033401 0.299703 0.000023 -0.705924 125.925439 -0.406199
700 0.041065 0.269599 0.000035 -0.698773 113.276736 -0.429139
800 0.049114 0.254468 0.000100 -0.699002 106.919415 -0.444433
900 0.057876 0.249890 0.000030 -0.694226 104.995824 -0.444306
1000 0.067444 0.339055 0.000175 -0.694533 142.460004 -0.355303
1100 0.079934 0.271471 0.001219 -0.696026 114.063527 -0.423336
1200 0.091467 0.280457 0.000040 -0.695939 117.838889 -0.415442
1300 0.103672 0.341908 0.001207 -0.694011 143.659002 -0.350896
1400 0.119193 0.299161 0.000840 -0.697379 125.697809 -0.397377
1500 0.133116 0.347510 0.000033 -0.695934 146.012654 -0.348390
1600 0.150409 0.207552 0.000090 -0.697393 87.206897 -0.489751
1700 0.163844 0.248655 0.000956 -0.703867 104.476722 -0.454257
1800 0.178848 0.234454 0.001324 -0.708556 98.510244 -0.472777
1900 0.194134 0.237420 0.000937 -0.708909 99.756490 -0.470551
2000 0.209788 0.326002 0.000506 -0.709634 136.975747 -0.383125
2100 0.229148 0.246321 0.001485 -0.705563 103.496151 -0.457757
2200 0.247073 0.326687 0.001101 -0.704901 137.263496 -0.377113
2300 0.268769 0.324827 0.000729 -0.702547 136.481986 -0.376990
2400 0.291213 0.305353 0.000083 -0.700945 128.299692 -0.395508
2500 0.312835 0.303886 0.001264 -0.702954 127.683196 -0.397804
2600 0.335019 0.285571 0.000508 -0.709365 119.987698 -0.423286
2700 0.357064 0.269052 0.000265 -0.711212 113.046968 -0.441895
2800 0.379467 0.252077 0.001264 -0.709889 105.914573 -0.456549
2900 0.402472 0.284326 0.000850 -0.705984 119.464736 -0.420808
3000 0.427173 0.294579 0.000725 -0.705007 123.772557 -0.409704
3100 0.452866 0.282544 0.000953 -0.704808 118.716100 -0.421311
3200 0.479151 0.227277 0.001347 -0.710826 95.494346 -0.482203
3300 0.503577 0.288501 0.001246 -0.711778 121.218714 -0.422032
3400 0.530720 0.256840 0.000850 -0.706935 107.915745 -0.449245
3500 0.557844 0.229630 0.000062 -0.704515 96.483159 -0.474822
3600 0.583532 0.363266 0.000041 -0.702112 152.632951 -0.338804
3700 0.621502 0.249479 0.001183 -0.696346 104.822913 -0.445684
3800 0.649467 0.310386 0.000062 -0.698536 130.414350 -0.388087
3900 0.682006 0.281840 0.000280 -0.700882 118.420148 -0.418762
4000 0.713369 0.342739 0.001036 -0.704306 144.007986 -0.360531
4100 0.750429 0.254720 0.000039 -0.697437 107.025130 -0.442678
4200 0.781197 0.209948 0.000570 -0.701769 88.213234 -0.491251
4300 0.811159 0.279665 0.000930 -0.702639 117.506390 -0.422043
4400 0.845405 0.198884 0.001106 -0.697856 83.564767 -0.497866
4500 0.876354 0.307082 0.000296 -0.703131 129.025925 -0.395753
4600 0.913986 0.346453 0.000897 -0.715706 145.568666 -0.368356
4700 0.956393 0.352122 0.000629 -0.718288 147.950536 -0.365537
4800 1.002526 0.233022 0.000715 -0.717634 97.908368 -0.483897
4900 1.037943 0.208610 0.001168 -0.720854 87.651107 -0.511076
5000 1.071980 0.285567 0.001113 -0.715186 119.986099 -0.428506
5100 1.110881 0.231337 0.000691 -0.714102 97.200467 -0.482074
5200 1.147949 0.301810 0.000681 -0.708549 126.810903 -0.406058
5300 1.190827 0.308345 0.000315 -0.711620 129.556613 -0.402960
5400 1.234345 0.345394 0.000027 -0.715636 145.123316 -0.370216
5500 1.283732 0.283696 0.000015 -0.712724 119.200078 -0.429012
5600 1.325599 0.231844 0.000002 -0.711846 97.413297 -0.480000
5700 1.365247 0.318713 0.000548 -0.715084 133.912963 -0.395823
5800 1.413634 0.318916 0.001266 -0.719729 133.998240 -0.399548
5900 1.463010 0.311201 0.001243 -0.711807 130.756749 -0.399363
6000 1.512599 0.304203 0.001187 -0.718527 127.816479 -0.413136
6100 1.562039 0.241811 0.001158 -0.718319 101.601304 -0.475350
6200 1.605323 0.248072 0.001224 -0.702658 104.232024 -0.453362
6300 1.650326 0.331064 0.000014 -0.705788 139.102560 -0.374710
6400 1.706550 0.341264 0.000649 -0.704928 143.388102 -0.363015
6500 1.766694 0.237625 0.000012 -0.716964 99.842378 -0.479327
6600 1.812120 0.250715 0.001240 -0.715011 105.342505 -0.463055
6700 1.861663 0.199971 0.001185 -0.715812 84.021415 -0.514656
6800 1.906642 0.305754 0.000508 -0.711603 128.468023 -0.405341
6900 1.961801 0.244422 0.001082 -0.712538 102.698425 -0.467034
7000 2.011645 0.196701 0.001032 -0.706721 82.647645 -0.508987
7100 2.057922 0.340149 0.000079 -0.707373 142.919566 -0.367145
7200 2.124420 0.273684 0.000055 -0.714228 114.993448 -0.440488
7300 2.178198 0.322387 0.001183 -0.706967 135.456784 -0.383397
7400 2.241561 0.288071 0.000176 -0.714577 121.038245 -0.426330
7500 2.299947 0.307747 0.000207 -0.720677 129.305412 -0.412724
7600 2.358878 0.333811 0.000411 -0.718347 140.256571 -0.384125
7700 2.424994 0.245709 0.000195 -0.719403 103.238900 -0.473499
7800 2.479304 0.331777 0.000978 -0.706729 139.402025 -0.373974
7900 2.548173 0.244384 0.000168 -0.719147 102.682223 -0.474595
8000 2.601833 0.304351 0.000805 -0.719187 127.878395 -0.414031
8100 2.663286 0.247855 0.000577 -0.710909 104.140629 -0.462478
8200 2.719794 0.249580 0.000844 -0.722191 104.865717 -0.471767
8300 2.775802 0.243858 0.000426 -0.707826 102.461217 -0.463542
8400 2.834477 0.237017 0.000512 -0.705059 99.586884 -0.467530
8500 2.890862 0.228024 0.000084 -0.715009 95.808570 -0.486900
8600 2.947124 0.242676 0.000158 -0.711037 101.964513 -0.468203
8700 3.007501 0.302029 0.000144 -0.704412 126.903011 -0.402239
8800 3.074653 0.273679 0.000236 -0.711458 114.991324 -0.437543
8900 3.138425 0.300120 0.000120 -0.714765 126.100951 -0.414524
9000 3.205141 0.243572 0.000040 -0.710886 102.341164 -0.467274
9100 3.266855 0.316919 0.000388 -0.719034 133.159367 -0.401726
9200 3.336125 0.301287 0.000389 -0.709658 126.591217 -0.407982
9300 3.407179 0.336463 0.000257 -0.708929 141.371158 -0.372209
9400 3.485801 0.303780 0.000496 -0.704128 127.638625 -0.399852
9500 3.557100 0.335542 0.000296 -0.711957 140.984046 -0.376119
9600 3.637704 0.284090 0.000130 -0.714718 119.365415 -0.430498
9700 3.704327 0.227480 0.000131 -0.708286 95.579606 -0.480676
9800 3.768461 0.233723 0.000420 -0.712260 98.202889 -0.478118
9900 3.832984 0.238000 0.000422 -0.712763 99.999811 -0.474342
10000 3.898815 0.289415 0.000289 -0.709493 121.603092 -0.419788
10100 3.973340 0.326409 0.000189 -0.716314 137.146797 -0.389715
10200 4.050496 0.340023 0.000550 -0.721214 142.866833 -0.380641
10300 4.135706 0.331070 0.000315 -0.712417 139.105045 -0.381032
10400 4.222108 0.317970 0.000159 -0.712287 133.600979 -0.394157
10500 4.301185 0.288251 0.000539 -0.701493 121.113702 -0.412703
10600 4.373443 0.236524 0.000408 -0.707759 99.379660 -0.470827
10700 4.440198 0.244019 0.000435 -0.714506 102.529137 -0.470052
10800 4.508781 0.278854 0.000442 -0.701905 117.165577 -0.422609
10900 4.584015 0.306037 0.000391 -0.714790 128.586945 -0.408362
11000 4.665764 0.272683 0.000291 -0.718087 114.572845 -0.445112
11100 4.739101 0.218445 0.000181 -0.715629 91.783601 -0.497003
11200 4.806899 0.338331 0.000249 -0.701037 142.156009 -0.362457
11300 4.902444 0.241658 0.000175 -0.706255 101.537076 -0.464421
11400 4.976087 0.308821 0.000312 -0.716202 129.756860 -0.407069
11500 5.059355 0.209249 0.000298 -0.703970 87.919548 -0.494424
11600 5.127979 0.335353 0.000156 -0.693959 140.904635 -0.358450
11700 5.220053 0.321880 0.000101 -0.704265 135.243670 -0.382284
11800 5.307807 0.262376 0.000309 -0.702320 110.242059 -0.439635
11900 5.384297 0.346270 0.000263 -0.706772 145.491596 -0.360239
12000 5.479996 0.245862 0.000189 -0.713435 103.303450 -0.467384
12100 5.556730 0.265280 0.000205 -0.707133 111.462323 -0.441647
12200 5.635159 0.252226 0.000178 -0.717901 105.977450 -0.465496
12300 5.709137 0.238907 0.000172 -0.721427 100.380961 -0.482348
12400 5.783133 0.317404 0.000179 -0.711751 133.363160 -0.394168
12500 5.873789 0.275864 0.000176 -0.702438 115.909075 -0.426398
12600 5.959341 0.286770 0.000166 -0.711683 120.491375 -0.424747
12700 6.046001 0.339222 0.000388 -0.713895 142.530385 -0.374285
12800 6.147627 0.264406 0.000187 -0.708554 111.094727 -0.443961
12900 6.226185 0.285421 0.000458 -0.709335 119.924800 -0.423456
13000 6.310372 0.318270 0.000450 -0.715781 133.726946 -0.397061
13100 6.405479 0.212150 0.000142 -0.720607 89.138578 -0.508316
13200 6.481486 0.319070 0.000338 -0.720993 134.063155 -0.401585
13300 6.576716 0.210746 0.000235 -0.720889 88.548526 -0.509909
13400 6.653615 0.286099 0.000313 -0.725979 120.209534 -0.439567
13500 6.740159 0.237356 0.000271 -0.710102 99.729292 -0.472476
13600 6.823548 0.319153 0.000172 -0.715025 134.097986 -0.395699
13700 6.920478 0.271605 0.000204 -0.708444 114.119562 -0.436635
13800 7.008817 0.320979 0.000340 -0.714741 134.865128 -0.393423
13900 7.106428 0.308895 0.000251 -0.720537 129.787601 -0.411392
14000 7.199164 0.319299 0.000279 -0.704264 134.159089 -0.384686
14100 7.302164 0.225231 0.000305 -0.712836 94.634957 -0.487301
14200 7.382721 0.258879 0.000420 -0.715641 108.772457 -0.456343
14300 7.470545 0.313266 0.000322 -0.718357 131.624156 -0.404770
14400 7.567756 0.227712 0.000526 -0.711914 95.677395 -0.483676
14500 7.650576 0.262383 0.000585 -0.713220 110.244727 -0.450253
14600 7.736419 0.241831 0.000336 -0.715214 101.609722 -0.473047
14700 7.820065 0.326658 0.000349 -0.710017 137.251350 -0.383009
14800 7.926932 0.306119 0.000310 -0.704231 128.621270 -0.397803
14900 8.028471 0.218451 0.000433 -0.721313 91.786215 -0.502430
15000 8.111685 0.294536 0.000341 -0.715878 123.754507 -0.421002
15100 8.208276 0.223649 0.000241 -0.715667 93.970071 -0.491777
15200 8.293606 0.224021 0.000295 -0.724340 94.126484 -0.500024
15300 8.378457 0.195884 0.000485 -0.720317 82.304365 -0.523947
15400 8.461506 0.283871 0.000376 -0.710496 119.273396 -0.426250
15500 8.556265 0.233559 0.000273 -0.711895 98.133817 -0.478063
15600 8.645932 0.291463 0.000556 -0.712335 122.463582 -0.420316
15700 8.742575 0.228062 0.000298 -0.710671 95.824173 -0.482311
15800 8.831353 0.307897 0.000098 -0.724768 129.368255 -0.416774
15900 8.932000 0.248867 0.000084 -0.721939 104.565799 -0.472988
16000 9.020506 0.241916 0.000345 -0.712384 101.645337 -0.470123
16100 9.113297 0.280066 0.000124 -0.727718 117.674636 -0.447528
16200 9.210723 0.204256 0.000450 -0.710151 85.821804 -0.505444
16300 9.296438 0.206501 0.000065 -0.719058 86.765125 -0.512492
16400 9.382360 0.206900 0.000200 -0.722374 86.932949 -0.515273
16500 9.469395 0.263509 0.000134 -0.715344 110.717940 -0.451702
16600 9.566792 0.221406 0.000281 -0.717190 93.027749 -0.495503
16700 9.656855 0.300558 0.000242 -0.707086 126.284981 -0.406286
16800 9.761603 0.308020 0.000025 -0.709515 129.420075 -0.401471
16900 9.873442 0.218514 0.000195 -0.717937 91.812530 -0.499228
17000 9.964045 0.247588 0.000252 -0.714369 104.028478 -0.466529
17100 10.059326 0.276289 0.000052 -0.706819 116.087733 -0.430478
17200 10.162268 0.241622 0.000242 -0.708104 101.521894 -0.466240
17300 10.256216 0.220798 0.000168 -0.715916 92.772432 -0.494950
17400 10.345884 0.298412 0.000234 -0.709484 125.383344 -0.410838
17500 10.456349 0.240020 0.000072 -0.716265 100.848609 -0.476173
17600 10.553800 0.240027 0.000144 -0.705040 100.851477 -0.464870
17700 10.648256 0.241989 0.000051 -0.723963 101.676112 -0.481923
17800 10.745850 0.250885 0.000033 -0.719933 105.413787 -0.469015
17900 10.841091 0.256366 0.000175 -0.720715 107.716926 -0.464174
18000 10.942012 0.286931 0.000134 -0.718073 120.559271 -0.431008
18100 11.049975 0.299371 0.000219 -0.720125 125.785916 -0.420534
18200 11.158393 0.241484 0.000195 -0.716994 101.464014 -0.475315
18300 11.255782 0.310644 0.000226 -0.715992 130.522680 -0.405122
18400 11.370031 0.275862 0.000198 -0.710147 115.908252 -0.434087
18500 11.473418 0.244648 0.000098 -0.722457 102.793054 -0.477712
18600 11.573495 0.286427 0.000074 -0.720559 120.347376 -0.434058
18700 11.683327 0.263002 0.000053 -0.714850 110.505193 -0.451795
18800 11.783534 0.220310 0.000121 -0.716730 92.567225 -0.496299
18900 11.877863 0.235065 0.000170 -0.715774 98.766775 -0.480539
19000 11.975812 0.235130 0.000123 -0.722747 98.794009 -0.487495
19100 12.070613 0.252251 0.000139 -0.715290 105.987746 -0.462900
19200 12.173041 0.287762 0.000146 -0.713131 120.908401 -0.425223
19300 12.282150 0.228709 0.000138 -0.717217 96.096325 -0.488370
19400 12.379837 0.256867 0.000091 -0.713812 107.927379 -0.456853
19500 12.478975 0.263378 0.000066 -0.721942 110.662891 -0.458498
19600 12.582158 0.251779 0.000091 -0.717386 105.789669 -0.465515
19700 12.685245 0.273154 0.000113 -0.718257 114.770738 -0.444990
19800 12.790460 0.298073 0.000145 -0.706641 125.240683 -0.408423
19900 12.904984 0.262321 0.000121 -0.716818 110.218762 -0.454376
20000 13.008820 0.272951 0.000215 -0.719548 114.685117 -0.446382
20100 13.118158 0.254483 0.000225 -0.716579 106.925459 -0.461871
20200 13.221300 0.255648 0.000119 -0.720050 107.415235 -0.464282
20300 13.328057 0.258599 0.000086 -0.709735 108.654852 -0.451050
20400 13.437082 0.279850 0.000104 -0.716920 117.584106 -0.436965
20500 13.545406 0.222803 0.000243 -0.715538 93.614712 -0.492493
20600 13.644907 0.237233 0.000340 -0.715369 99.677777 -0.477795
20700 13.746747 0.240305 0.000175 -0.709499 100.968435 -0.469019
20800 13.852599 0.229049 0.000301 -0.711747 96.239120 -0.482398
20900 13.955448 0.289031 0.000211 -0.723276 121.441417 -0.434034
21000 14.070412 0.243321 0.000233 -0.722715 102.235760 -0.479161
21100 14.174133 0.279435 0.000332 -0.719852 117.409656 -0.440084
21200 14.289394 0.262284 0.000400 -0.712235 110.203179 -0.449552
21300 14.398501 0.219530 0.000223 -0.720804 92.239289 -0.501051
21400 14.501493 0.288108 0.000279 -0.720763 121.053923 -0.432376
21500 14.616440 0.253919 0.000218 -0.714107 106.688556 -0.459971
21600 14.724245 0.224607 0.000398 -0.718312 94.372473 -0.493307
21700 14.827311 0.279552 0.000391 -0.725199 117.458844 -0.445256
21800 14.945899 0.237033 0.000412 -0.719825 99.593608 -0.482380
21900 15.054737 0.282627 0.000311 -0.722367 118.751002 -0.439428
22000 15.171455 0.220119 0.000229 -0.718108 92.487079 -0.497760
22100 15.276286 0.252699 0.000303 -0.715748 106.176107 -0.462746
22200 15.385292 0.227528 0.000534 -0.717270 95.599893 -0.489208
22300 15.491825 0.227731 0.000548 -0.722079 95.685332 -0.493800
22400 15.598875 0.233456 0.000494 -0.719166 98.090724 -0.485217
22500 15.708273 0.283530 0.000715 -0.727026 119.130173 -0.442781
22600 15.823972 0.225519 0.000631 -0.721723 94.755849 -0.495573
22700 15.929061 0.265230 0.000322 -0.722928 111.440973 -0.457377
22800 16.041075 0.272720 0.000336 -0.709959 114.588158 -0.436903
22900 16.159481 0.233997 0.000178 -0.713072 98.318089 -0.478897
23000 16.270959 0.224484 0.000678 -0.716991 94.321079 -0.491828
23100 16.376877 0.239561 0.000585 -0.723122 100.656031 -0.482976
23200 16.484371 0.224456 0.000582 -0.723193 94.309423 -0.498155
23300 16.590882 0.223473 0.000423 -0.717537 93.896401 -0.493641
23400 16.697772 0.223893 0.000224 -0.723509 94.072808 -0.499392
23500 16.805136 0.227550 0.000188 -0.723126 95.609220 -0.495388
23600 16.915689 0.261846 0.000674 -0.726825 110.019183 -0.464305
23700 17.028244 0.267862 0.000113 -0.712644 112.547163 -0.444669
23800 17.147089 0.267413 0.000730 -0.725078 112.358542 -0.456935
23900 17.267628 0.272676 0.000069 -0.734893 114.569775 -0.462148
24000 17.386227 0.223932 0.000395 -0.718209 94.089056 -0.493882
24100 17.495241 0.279842 0.000755 -0.728062 117.580468 -0.447465
24200 17.615201 0.280939 0.000038 -0.731660 118.041769 -0.450683
24300 17.736539 0.270656 0.000777 -0.717208 113.720856 -0.445775
24400 17.854810 0.238887 0.000112 -0.714265 100.372618 -0.475266
24500 17.968516 0.253342 0.000756 -0.722823 106.446170 -0.468725
24600 18.085931 0.242040 0.000192 -0.730011 101.697358 -0.487779
24700 18.196385 0.262761 0.000385 -0.723018 110.403876 -0.459872
24800 18.314251 0.223791 0.000691 -0.723001 94.029624 -0.498519
24900 18.422925 0.260572 0.000587 -0.713653 109.484108 -0.452494
25000 18.542242 0.249558 0.000089 -0.728914 104.856121 -0.479268
25100 18.658094 0.276499 0.000083 -0.729752 116.176017 -0.453170
25200 18.779244 0.268577 0.000534 -0.721738 112.847663 -0.452626
25300 18.897393 0.251761 0.000051 -0.718623 105.781897 -0.466811
25400 19.015210 0.221749 0.000375 -0.717273 93.171777 -0.495149
25500 19.123105 0.233758 0.000367 -0.726208 98.217750 -0.492083
25600 19.233532 0.274292 0.000365 -0.723333 115.248769 -0.448676
25700 19.350635 0.248567 0.000321 -0.711064 104.439724 -0.462176
25800 19.466929 0.269839 0.000269 -0.706620 113.377730 -0.436513
25900 19.584784 0.251180 0.000122 -0.714141 105.537642 -0.462839
26000 19.702091 0.247874 0.000278 -0.706829 104.148859 -0.458676
26100 19.814358 0.271025 0.000300 -0.716951 113.875900 -0.445626
26200 19.932033 0.247717 0.000254 -0.718603 104.082772 -0.470632
26300 20.046458 0.274772 0.000382 -0.718929 115.450461 -0.443775
26400 20.169051 0.262327 0.000593 -0.716594 110.221359 -0.453674
26500 20.283616 0.245571 0.000461 -0.720655 103.180877 -0.474624
26600 20.392804 0.242384 0.000498 -0.716179 101.841926 -0.473298
26700 20.507720 0.280083 0.000359 -0.717360 117.681782 -0.436918
26800 20.625447 0.226122 0.000334 -0.723893 95.009410 -0.497437
26900 20.734129 0.259182 0.000296 -0.717986 108.900133 -0.458507
27000 20.853055 0.235515 0.000341 -0.718310 98.955793 -0.482455
27100 20.968925 0.282347 0.000217 -0.717638 118.633346 -0.435074
27200 21.088820 0.282222 0.000457 -0.724794 118.580573 -0.442116
27300 21.214633 0.245682 0.000255 -0.725869 103.227743 -0.479932
27400 21.331635 0.255182 0.000100 -0.706436 107.219510 -0.451153
27500 21.448326 0.232996 0.000117 -0.709524 97.897506 -0.476412
27600 21.563290 0.269110 0.000057 -0.721620 113.071425 -0.452453
27700 21.681256 0.219042 0.000481 -0.719361 92.034416 -0.499838
27800 21.790792 0.284493 0.000651 -0.718816 119.534903 -0.433672
27900 21.914280 0.224523 0.000532 -0.711488 94.337184 -0.486434
28000 22.022866 0.237608 0.000679 -0.713263 99.835289 -0.474976
28100 22.138739 0.267444 0.000683 -0.718789 112.371588 -0.450661
28200 22.256471 0.229655 0.000180 -0.715182 96.493825 -0.485347
28300 22.369932 0.243239 0.000528 -0.714968 102.201057 -0.471201
28400 22.487290 0.259903 0.000405 -0.721850 109.202927 -0.461542
28500 22.604337 0.262330 0.000143 -0.724542 110.222758 -0.462068
28600 22.724601 0.248335 0.000744 -0.723567 104.342584 -0.474487
28700 22.840236 0.276640 0.000869 -0.721683 116.235382 -0.444174
28800 22.959300 0.262433 0.000386 -0.712055 110.265899 -0.449237
28900 23.077220 0.230986 0.000073 -0.725660 97.052760 -0.494601
29000 23.187797 0.277994 0.001357 -0.714927 116.804010 -0.435577
29100 23.311326 0.226420 0.001138 -0.716595 95.134582 -0.489036
29200 23.421928 0.274904 0.000515 -0.707830 115.506048 -0.432411
29300 23.545330 0.231295 0.000647 -0.724394 97.182959 -0.492452
29400 23.656072 0.280011 0.000262 -0.726347 117.651624 -0.446075
