# Density autocorrelation tracking
# Output period: 1000 steps
# Reference interval: 294211 steps
# kmag = 1.0, num_wavevectors = 50
# t0_step t0(ps) t_step t(ps) F(k,t)
294213 368.867000 295000 369.912261 1.392586
294213 368.867000 296000 371.256403 1.479192
294213 368.867000 297000 372.561796 1.511561
294213 368.867000 298000 373.904969 1.497575
294213 368.867000 299000 375.241997 1.381131
294213 368.867000 300000 376.580419 1.411071
294213 368.867000 301000 377.921111 1.327057
294213 368.867000 302000 379.272177 1.342756
294213 368.867000 303000 380.599569 1.338587
294213 368.867000 304000 381.929795 1.300689
294213 368.867000 305000 383.258720 1.322210
294213 368.867000 306000 384.584680 1.223343
294213 368.867000 307000 385.863190 1.158266
294213 368.867000 308000 387.136970 1.216081
294213 368.867000 309000 388.443843 1.133128
294213 368.867000 310000 389.760668 1.267811
294213 368.867000 311000 391.065936 1.131593
294213 368.867000 312000 392.367451 1.182222
294213 368.867000 313000 393.651709 1.144690
294213 368.867000 314000 394.956402 1.293319
294213 368.867000 315000 396.279277 1.071985
294213 368.867000 316000 397.604783 1.202531
294213 368.867000 317000 398.914653 1.134901
294213 368.867000 318000 400.222625 1.385532
294213 368.867000 319000 401.548902 1.263956
294213 368.867000 320000 402.871536 1.273444
294213 368.867000 321000 404.196880 1.371741
294213 368.867000 322000 405.513173 1.415119
294213 368.867000 323000 406.813742 1.301357
294213 368.867000 324000 408.131098 1.252300
294213 368.867000 325000 409.456415 1.266983
294213 368.867000 326000 410.749224 1.183692
294213 368.867000 327000 412.076221 1.256159
294213 368.867000 328000 413.408789 1.228562
294213 368.867000 329000 414.738527 1.336215
294213 368.867000 330000 416.062072 1.193756
294213 368.867000 331000 417.403258 1.456362
294213 368.867000 332000 418.747446 1.320776
294213 368.867000 333000 420.089109 1.417516
294213 368.867000 334000 421.436960 1.373331
294213 368.867000 335000 422.774816 1.571957
294213 368.867000 336000 424.116085 1.496656
294213 368.867000 337000 425.455427 1.377712
294213 368.867000 338000 426.788683 1.526948
294213 368.867000 339000 428.125593 1.332531
294213 368.867000 340000 429.466554 1.474595
294213 368.867000 341000 430.792530 1.285075
294213 368.867000 342000 432.122711 1.397184
294213 368.867000 343000 433.453885 1.314480
294213 368.867000 344000 434.794506 1.032911
294213 368.867000 345000 436.135912 1.186059
294213 368.867000 346000 437.477009 1.098881
294213 368.867000 347000 438.820656 1.416154
294213 368.867000 348000 440.162031 1.101636
294213 368.867000 349000 441.502869 1.374863
294213 368.867000 350000 442.843077 1.349023
294213 368.867000 351000 444.186480 1.220716
294213 368.867000 352000 445.517496 1.267945
294213 368.867000 353000 446.861629 1.235947
294213 368.867000 354000 448.198595 1.266449
294213 368.867000 355000 449.540501 1.253173
294213 368.867000 356000 450.888855 1.242952
294213 368.867000 357000 452.235491 1.112706
294213 368.867000 358000 453.580011 1.389763
294213 368.867000 359000 454.925291 1.333363
294213 368.867000 360000 456.294651 1.270779
294213 368.867000 361000 457.654923 1.235673
294213 368.867000 362000 459.004712 1.336715
294213 368.867000 363000 460.349531 1.326893
294213 368.867000 364000 461.690031 1.282814
294213 368.867000 365000 463.030390 1.089941
294213 368.867000 366000 464.386384 1.251702
294213 368.867000 367000 465.740393 1.310606
294213 368.867000 368000 467.079596 1.233638
294213 368.867000 369000 468.409579 1.237335
294213 368.867000 370000 469.766728 1.429880
294213 368.867000 371000 471.113620 1.302908
294213 368.867000 372000 472.467708 1.147982
294213 368.867000 373000 473.825327 1.184447
294213 368.867000 374000 475.190947 1.215627
294213 368.867000 375000 476.543683 1.107520
294213 368.867000 376000 477.887937 1.236802
294213 368.867000 377000 479.221206 1.215589
294213 368.867000 378000 480.562878 1.232161
294213 368.867000 379000 481.901208 1.012278
294213 368.867000 380000 483.237134 1.040903
294213 368.867000 381000 484.584347 1.182653
294213 368.867000 382000 485.933309 1.058711
294213 368.867000 383000 487.281493 1.314335
294213 368.867000 384000 488.626682 1.134389
294213 368.867000 385000 489.974321 1.243797
294213 368.867000 386000 491.319250 1.225054
294213 368.867000 387000 492.664628 1.009397
294213 368.867000 388000 494.006397 0.983803
294213 368.867000 389000 495.362069 1.091743
294213 368.867000 390000 496.728463 1.214724
294213 368.867000 391000 498.111658 1.264436
294213 368.867000 392000 499.491081 1.254086
294213 368.867000 393000 500.870297 1.208056
294213 368.867000 394000 502.255028 1.210071
294213 368.867000 395000 503.638929 1.159290
294213 368.867000 396000 505.023766 1.124323
294213 368.867000 397000 506.403544 1.045810
294213 368.867000 398000 507.785596 1.040702
294213 368.867000 399000 509.160471 1.114002
294213 368.867000 400000 510.536834 1.012106
294213 368.867000 401000 511.900799 1.074582
294213 368.867000 402000 513.270578 0.909382
294213 368.867000 403000 514.639515 1.087228
294213 368.867000 404000 516.005023 1.021962
294213 368.867000 405000 517.377084 1.042742
294213 368.867000 406000 518.751880 1.082958
294213 368.867000 407000 520.140271 1.058572
294213 368.867000 408000 521.518611 0.810292
294213 368.867000 409000 522.874541 1.023918
294213 368.867000 410000 524.250152 1.116911
294213 368.867000 411000 525.608182 1.021890
294213 368.867000 412000 526.988237 0.886510
294213 368.867000 413000 528.371705 0.986706
294213 368.867000 414000 529.756552 0.982958
294213 368.867000 415000 531.139416 1.052987
294213 368.867000 416000 532.515701 1.122836
294213 368.867000 417000 533.900572 1.147651
294213 368.867000 418000 535.285775 0.984758
294213 368.867000 419000 536.662954 1.072655
294213 368.867000 420000 538.042461 0.914858
294213 368.867000 421000 539.418179 1.033910
294213 368.867000 422000 540.796031 1.016461
294213 368.867000 423000 542.153936 1.060838
294213 368.867000 424000 543.521232 0.895757
294213 368.867000 425000 544.873570 0.936259
294213 368.867000 426000 546.232745 0.886156
294213 368.867000 427000 547.604916 0.824663
294213 368.867000 428000 548.971487 0.840495
294213 368.867000 429000 550.324443 0.849880
294213 368.867000 430000 551.668751 1.022088
294213 368.867000 431000 553.007224 0.918378
294213 368.867000 432000 554.350031 0.853332
294213 368.867000 433000 555.697260 0.857721
294213 368.867000 434000 557.033201 0.898031
294213 368.867000 435000 558.376184 0.864241
294213 368.867000 436000 559.700619 0.762006
294213 368.867000 437000 561.061316 0.742667
294213 368.867000 438000 562.410232 0.705359
294213 368.867000 439000 563.751498 0.784493
294213 368.867000 440000 565.101627 0.868270
294213 368.867000 441000 566.454303 0.861098
294213 368.867000 442000 567.792027 1.007757
294213 368.867000 443000 569.127218 0.938951
294213 368.867000 444000 570.480264 0.893893
294213 368.867000 445000 571.830682 0.958889
294213 368.867000 446000 573.184422 0.969971
294213 368.867000 447000 574.554255 1.024938
294213 368.867000 448000 575.936903 0.889878
294213 368.867000 449000 577.308398 0.972508
294213 368.867000 450000 578.683636 1.055619
294213 368.867000 451000 580.039763 1.047219
294213 368.867000 452000 581.392986 0.991254
294213 368.867000 453000 582.761494 0.993796
294213 368.867000 454000 584.092610 1.094895
294213 368.867000 455000 585.475525 0.722283
294213 368.867000 456000 586.858747 0.904565
294213 368.867000 457000 588.239507 0.946318
294213 368.867000 458000 589.619810 0.922595
294213 368.867000 459000 591.004105 0.976114
294213 368.867000 460000 592.384329 0.731907
294213 368.867000 461000 593.766429 0.769455
294213 368.867000 462000 595.150273 0.808274
294213 368.867000 463000 596.531564 0.798147
294213 368.867000 464000 597.913036 0.752448
294213 368.867000 465000 599.304966 0.458059
294213 368.867000 466000 600.689442 0.489607
294213 368.867000 467000 602.071794 0.579778
294213 368.867000 468000 603.454362 0.808952
294213 368.867000 469000 604.837534 0.615156
294213 368.867000 470000 606.219742 0.847539
294213 368.867000 471000 607.600806 0.791877
294213 368.867000 472000 608.962211 0.658038
294213 368.867000 473000 610.325852 0.638559
294213 368.867000 474000 611.701552 0.609201
294213 368.867000 475000 613.061586 0.730674
294213 368.867000 476000 614.404585 0.650607
294213 368.867000 477000 615.772272 0.760437
294213 368.867000 478000 617.144463 0.851344
294213 368.867000 479000 618.526993 0.749396
294213 368.867000 480000 619.898516 0.734891
294213 368.867000 481000 621.276520 0.847029
294213 368.867000 482000 622.656794 0.635264
294213 368.867000 483000 624.016132 0.867723
294213 368.867000 484000 625.369767 0.808434
294213 368.867000 485000 626.744108 0.715868
294213 368.867000 486000 628.105203 0.710142
294213 368.867000 487000 629.484570 0.691200
294213 368.867000 488000 630.853035 0.636220
294213 368.867000 489000 632.208204 0.644461
294213 368.867000 490000 633.574138 0.617470
294213 368.867000 491000 634.932903 0.800611
294213 368.867000 492000 636.292192 0.752851
294213 368.867000 493000 637.657243 0.734439
294213 368.867000 494000 639.038599 0.820412
294213 368.867000 495000 640.422341 0.836747
294213 368.867000 496000 641.807399 0.858607
294213 368.867000 497000 643.183365 0.763858
294213 368.867000 498000 644.588347 0.706502
294213 368.867000 499000 645.975168 0.846237
294213 368.867000 500000 647.358223 0.810807
294213 368.867000 501000 648.744757 0.722787
294213 368.867000 502000 650.129995 0.716970
294213 368.867000 503000 651.511950 0.810232
294213 368.867000 504000 652.894018 0.790703
294213 368.867000 505000 654.265552 0.604642
294213 368.867000 506000 655.644196 0.658047
294213 368.867000 507000 657.001446 0.647564
294213 368.867000 508000 658.390815 0.571793
294213 368.867000 509000 659.763879 0.733117
294213 368.867000 510000 661.148241 0.828147
294213 368.867000 511000 662.528186 0.699185
294213 368.867000 512000 663.909516 0.652005
294213 368.867000 513000 665.294375 0.631075
294213 368.867000 514000 666.670204 0.614233
294213 368.867000 515000 668.052540 0.669918
294213 368.867000 516000 669.433099 0.640907
294213 368.867000 517000 670.804166 0.668629
294213 368.867000 518000 672.174514 0.587110
294213 368.867000 519000 673.547162 0.634001
294213 368.867000 520000 674.949978 0.769684
294213 368.867000 521000 676.348912 0.633986
294213 368.867000 522000 677.731771 0.645141
294213 368.867000 523000 679.111467 0.953960
294213 368.867000 524000 680.492977 0.750729
294213 368.867000 525000 681.875384 0.913590
294213 368.867000 526000 683.252966 0.779337
294213 368.867000 527000 684.608687 0.729083
294213 368.867000 528000 685.967299 0.818845
294213 368.867000 529000 687.313689 0.776648
294213 368.867000 530000 688.655995 0.811996
294213 368.867000 531000 690.013223 0.591503
294213 368.867000 532000 691.376573 0.559077
294213 368.867000 533000 692.746944 0.470324
294213 368.867000 534000 694.109684 0.618482
294213 368.867000 535000 695.460839 0.735000
294213 368.867000 536000 696.800429 0.664793
294213 368.867000 537000 698.183482 0.637407
294213 368.867000 538000 699.569370 0.705124
294213 368.867000 539000 700.959949 0.735700
294213 368.867000 540000 702.357806 0.735384
294213 368.867000 541000 703.684111 0.618313
294213 368.867000 542000 705.051539 0.813363
294213 368.867000 543000 706.428916 0.798864
294213 368.867000 544000 707.802902 0.696761
294213 368.867000 545000 709.206542 0.788176
294213 368.867000 546000 710.567109 0.579473
294213 368.867000 547000 711.936476 0.816919
294213 368.867000 548000 713.290575 0.934664
294213 368.867000 549000 714.649595 0.877763
294213 368.867000 550000 716.007969 0.842831
294213 368.867000 551000 717.388600 0.932800
294213 368.867000 552000 718.754373 0.753180
294213 368.867000 553000 720.133952 0.784888
294213 368.867000 554000 721.516532 0.915833
294213 368.867000 555000 722.898123 0.777155
294213 368.867000 556000 724.269850 0.764068
294213 368.867000 557000 725.638372 0.666955
294213 368.867000 558000 726.984872 0.647807
294213 368.867000 559000 728.326959 0.629537
294213 368.867000 560000 729.698426 0.704519
294213 368.867000 561000 731.073607 0.820125
294213 368.867000 562000 732.452657 0.814292
294213 368.867000 563000 733.838342 0.761132
294213 368.867000 564000 735.219815 0.767696
294213 368.867000 565000 736.601994 0.805765
294213 368.867000 566000 737.984464 0.842877
294213 368.867000 567000 739.373806 0.696576
294213 368.867000 568000 740.776630 0.819955
294213 368.867000 569000 742.159937 0.997837
294213 368.867000 570000 743.543474 0.557126
294213 368.867000 571000 744.925596 0.678885
294213 368.867000 572000 746.306299 0.822836
294213 368.867000 573000 747.688803 0.592834
294213 368.867000 574000 749.069559 0.796543
294213 368.867000 575000 750.453213 0.684730
294213 368.867000 576000 751.833992 0.899528
294213 368.867000 577000 753.215721 0.718054
294213 368.867000 578000 754.599156 0.638161
294213 368.867000 579000 755.978271 0.635332
294213 368.867000 580000 757.357977 0.475576
294213 368.867000 581000 758.727414 0.672597
294213 368.867000 582000 760.102454 0.689906
294213 368.867000 583000 761.478390 0.761177
294213 368.867000 584000 762.865306 0.615926
294213 368.867000 585000 764.238363 0.400339
294213 368.867000 586000 765.617307 0.648904
294213 368.867000 587000 766.995620 0.706885
294213 368.867000 588000 768.379479 0.745784
294213 368.867000 589000 769.750271 0.806751
294213 368.867000 590000 771.131169 0.541101
294213 368.867000 591000 772.510552 0.695658
294213 368.867000 592000 773.889227 0.837323
294213 368.867000 593000 775.269584 0.686726
294213 368.867000 594000 776.660479 0.608557
294213 368.867000 595000 778.046237 0.600934
294213 368.867000 596000 779.428997 0.657895
294213 368.867000 597000 780.810074 0.645942
294213 368.867000 598000 782.192214 0.540115
294213 368.867000 599000 783.573646 0.698498
294213 368.867000 600000 784.957953 0.376986
294213 368.867000 601000 786.341986 0.569688
294213 368.867000 602000 787.722296 0.665174
294213 368.867000 603000 789.104225 0.569700
294213 368.867000 604000 790.487172 0.440287
294213 368.867000 605000 791.870944 0.713461
294213 368.867000 606000 793.252582 0.617957
294213 368.867000 607000 794.632320 0.642823
294213 368.867000 608000 796.018262 0.556958
294213 368.867000 609000 797.398868 0.628546
294213 368.867000 610000 798.779029 0.531236
294213 368.867000 611000 800.132904 0.625618
294213 368.867000 612000 801.511455 0.663190
294213 368.867000 613000 802.871959 0.572994
294213 368.867000 614000 804.250533 0.618878
294213 368.867000 615000 805.619751 0.539681
294213 368.867000 616000 806.993528 0.531106
294213 368.867000 617000 808.363279 0.577196
294213 368.867000 618000 809.735022 0.644386
294213 368.867000 619000 811.095617 0.427442
294213 368.867000 620000 812.451224 0.681092
294213 368.867000 621000 813.824837 0.663894
294213 368.867000 622000 815.192757 0.691354
294213 368.867000 623000 816.570245 0.705855
294213 368.867000 624000 817.927116 0.783299
294213 368.867000 625000 819.292731 0.666759
294213 368.867000 626000 820.650827 0.880628
294213 368.867000 627000 822.020012 0.718586
294213 368.867000 628000 823.395100 0.940051
294213 368.867000 629000 824.767624 0.849401
294213 368.867000 630000 826.142998 0.649993
294213 368.867000 631000 827.522461 0.679396
294213 368.867000 632000 828.880711 0.770975
294213 368.867000 633000 830.235085 0.625904
294213 368.867000 634000 831.598351 0.637574
294213 368.867000 635000 832.975470 0.728653
294213 368.867000 636000 834.350505 0.595138
294213 368.867000 637000 835.731948 0.461275
294213 368.867000 638000 837.116669 0.470646
294213 368.867000 639000 838.495280 0.539381
294213 368.867000 640000 839.865055 0.555188
294213 368.867000 641000 841.231634 0.362894
294213 368.867000 642000 842.581322 0.433234
294213 368.867000 643000 843.924431 0.415974
294213 368.867000 644000 845.303102 0.410423
294213 368.867000 645000 846.688551 0.545332
294213 368.867000 646000 848.068671 0.147041
294213 368.867000 647000 849.451347 0.188771
294213 368.867000 648000 850.810566 0.280538
294213 368.867000 649000 852.165973 0.191616
294213 368.867000 650000 853.537442 0.237931
294213 368.867000 651000 854.923793 0.148462
294213 368.867000 652000 856.300800 0.332487
294213 368.867000 653000 857.686185 0.165163
294213 368.867000 654000 859.061026 0.111724
294213 368.867000 655000 860.449980 0.102814
294213 368.867000 656000 861.833308 0.203359
294213 368.867000 657000 863.214129 0.256900
294213 368.867000 658000 864.597860 0.132321
294213 368.867000 659000 865.976654 0.129411
294213 368.867000 660000 867.361125 0.099876
294213 368.867000 661000 868.742710 0.087209
294213 368.867000 662000 870.125784 0.089133
294213 368.867000 663000 871.503891 0.246585
294213 368.867000 664000 872.889077 0.243325
294213 368.867000 665000 874.265626 0.273109
294213 368.867000 666000 875.631795 0.288335
294213 368.867000 667000 876.996789 0.469982
294213 368.867000 668000 878.376938 0.220062
294213 368.867000 669000 879.761623 0.271242
294213 368.867000 670000 881.140976 0.204469
294213 368.867000 671000 882.529284 0.201017
294213 368.867000 672000 883.910123 0.255350
294213 368.867000 673000 885.287764 0.111065
294213 368.867000 674000 886.671251 0.335300
294213 368.867000 675000 888.052476 0.103775
294213 368.867000 676000 889.435864 0.242751
294213 368.867000 677000 890.813217 0.383938
294213 368.867000 678000 892.194857 0.326191
294213 368.867000 679000 893.581595 0.260831
294213 368.867000 680000 894.965488 0.384366
294213 368.867000 681000 896.345311 0.032520
294213 368.867000 682000 897.728318 0.082937
294213 368.867000 683000 899.104144 0.064243
294213 368.867000 684000 900.486834 0.328792
294213 368.867000 685000 901.873075 0.158025
294213 368.867000 686000 903.255475 0.134760
294213 368.867000 687000 904.629000 0.095368
294213 368.867000 688000 905.999806 0.190755
294213 368.867000 689000 907.373915 0.266157
294213 368.867000 690000 908.724634 0.071651
294213 368.867000 691000 910.080161 0.198737
294213 368.867000 692000 911.446536 0.254713
294213 368.867000 693000 912.810958 0.067327
294213 368.867000 694000 914.154208 -0.020486
294213 368.867000 695000 915.499537 0.241453
294213 368.867000 696000 916.867219 0.282312
294213 368.867000 697000 918.253277 0.081329
294213 368.867000 698000 919.630836 0.126508
294213 368.867000 699000 921.015502 0.348134
294213 368.867000 700000 922.399251 0.192644
294213 368.867000 701000 923.779671 0.054357
294213 368.867000 702000 925.160768 0.018333
294213 368.867000 703000 926.543047 0.057970
294213 368.867000 704000 927.925996 0.003765
294213 368.867000 705000 929.310785 0.086520
294213 368.867000 706000 930.689324 0.044588
294213 368.867000 707000 932.077821 -0.023574
294213 368.867000 708000 933.461190 0.082704
294213 368.867000 709000 934.838926 0.050909
294213 368.867000 710000 936.234753 0.097602
294213 368.867000 711000 937.617469 0.029175
294213 368.867000 712000 939.000162 0.160746
294213 368.867000 713000 940.377665 0.078766
294213 368.867000 714000 941.745614 0.036336
294213 368.867000 715000 943.119418 0.006563
294213 368.867000 716000 944.500991 0.040658
294213 368.867000 717000 945.886094 0.105517
294213 368.867000 718000 947.269784 0.185207
294213 368.867000 719000 948.646331 0.144255
294213 368.867000 720000 950.033289 0.122156
294213 368.867000 721000 951.412577 0.066677
294213 368.867000 722000 952.796152 0.003183
294213 368.867000 723000 954.177086 0.142260
294213 368.867000 724000 955.556918 0.229169
294213 368.867000 725000 956.940430 0.078651
294213 368.867000 726000 958.323306 0.012514
294213 368.867000 727000 959.702535 0.042680
294213 368.867000 728000 961.083579 0.033063
294213 368.867000 729000 962.445168 0.087776
294213 368.867000 730000 963.819594 0.128043
294213 368.867000 731000 965.200883 0.368286
294213 368.867000 732000 966.585438 0.367455
294213 368.867000 733000 967.966965 0.061029
294213 368.867000 734000 969.347778 -0.038977
294213 368.867000 735000 970.734504 0.168276
294213 368.867000 736000 972.118919 0.015757
294213 368.867000 737000 973.496222 0.065373
294213 368.867000 738000 974.880399 0.256995
294213 368.867000 739000 976.260168 0.140420
294213 368.867000 740000 977.686527 -0.002707
294213 368.867000 741000 979.065834 0.066823
294213 368.867000 742000 980.455026 -0.029580
294213 368.867000 743000 981.862031 0.147200
294213 368.867000 744000 983.241828 0.107489
294213 368.867000 745000 984.624524 0.062512
294213 368.867000 746000 986.008080 0.255305
294213 368.867000 747000 987.392646 0.254094
294213 368.867000 748000 988.773315 0.083340
294213 368.867000 749000 990.157474 0.306578
294213 368.867000 750000 991.541412 0.214041
294213 368.867000 751000 992.921081 0.431944
294213 368.867000 752000 994.306952 0.394439
294213 368.867000 753000 995.686421 0.281381
294213 368.867000 754000 997.066000 0.202171
294213 368.867000 755000 998.448775 0.144894
294213 368.867000 756000 999.832004 -0.055211
